Relative Noisy Scores:
Average: 0.7215957571982436
Variance: 0.024243518421812764
Scores: 0.4730268622641234, 0.49286504531588615, 0.7735583408097151, 0.40545007119425774, 0.8830925836609552, 0.7011125851044336, 0.8211852302757696, 0.7367011054750695, 0.834193686037309, 0.6949158335305035, 0.8232767455577178, 0.9098318568173558, 0.7348756318703407, 0.6051887152808141, 0.7793571653223574, 0.6707563778858625, 0.8002178463237801, 0.9004490253077402, 0.7976681034957993, 0.6213845955239541, 0.48426359970895444, 0.7971510546806042, 0.5646775228796153, 0.7148770384126505, 0.8414883507965002, 0.5848216551247271, 0.6691638363976525, 0.6054747254030557, 0.7822950783509586, 0.7315558172285356, 0.7938508499372804, 0.7640984933177122, 0.9195918547604568, 0.9010800135296222, 0.7488205373407528, 0.8330230280525813, 0.2871204513476484, 1, 0.4868972683120081, 0.9062034599638551, 0.7894757999860347, 0.6567913945286713, 0.898858111083487, 0.8216869958197554, 0.9681792903834211, 0.734261551649428, 0.6898384013215998, 0.9445424574535647, 0.6183775027523345, 0.9080039811642721, 0.6353779527449319, 0.9086307678488618, 0.90176219012186, 0.716150083056827, 0.639803716576929, 0.8429858442889544, 0.4809368179250921, 0.6946796411795292, 0.719478435873849, 0.8853111934219878, 0.6392009125666692, 0.7633199481074695, 0.7024293791017338, 0.6502895793704664, 0.6967554351751413, 0.7429877909521608, 0.4724149133064718, 0.6622148268059013, 0.2609668683389, 0.4949690117430485, 0.5062740077230432, 0.9374286574902053, 0.7420932231890902, 0.6212506470536142, 0.6669224100247666, 0.54679830677666, 0.9274007623596355, 0.6764905562503385, 0.9484442495029828, 0.7383149182408865

Relative Recover Scores:
Average: 0.7972748662398489
Variance: 0.014399139388185309
Scores: 0.6019647055786949, 0.8737363735074621, 0.7735583408097151, 0.8345144728131358, 0.8345144728131358, 0.8570936583488648, 0.8211852302757696, 0.8616545318252901, 0.7788792065349132, 0.9017532255837383, 0.8415820882017261, 0.9098318568173558, 0.7955369687677472, 0.7888791940096636, 0.8387111972753657, 0.7609007795010589, 0.8358341010186116, 0.909017476485783, 0.8174083472482607, 0.7411527652843772, 0.5107326602537478, 0.8444741688443091, 0.8239773945688099, 0.8583386700861354, 0.8911469512613018, 0.7254173656527818, 0.6850897824789112, 0.6201024739845482, 0.9584907279672715, 0.7996082832730915, 0.7938508499372804, 0.865883147081593, 0.943836540667559, 0.8778364926188109, 0.7954051624354747, 0.9590888022838159, 0.7130898109062498, 1, 0.522425843012602, 0.9144182559110308, 0.7549745815866232, 0.7713787354211168, 0.916377196932961, 0.8117700807016105, 0.9688435317012747, 0.7851164741714034, 0.741946657754237, 0.9445424574535647, 0.6794911073344823, 0.8877037546020631, 0.7313521158219407, 0.9086307678488618, 0.8694262674473595, 0.7650271383117772, 0.9053567650714226, 0.941317683724621, 0.6592971495762985, 0.7317988817539652, 0.8191776710722519, 0.9170622040924691, 0.7714190550300997, 0.7523061453041995, 0.8080597045064197, 0.6478326656159342, 0.9132125116781945, 0.7502952609568632, 0.5371694617279079, 0.7699930619976774, 0.36281079463542304, 0.627664514530884, 0.7343570456600846, 0.9069216396746915, 0.860528838787132, 0.6506651531455309, 0.6519637045026697, 0.7035179517903742, 0.9274007623596355, 0.6033623030856428, 1, 0.8109951258922399

Original Scores:
Average: 333.6942964535009
Variance: 9445.6271602288
Scores: 152.01055951670946, 152.01055951670946, 175.32745585751474, 152.01055951670946, 152.01055951670946, 152.01055951670946, 128.69366315850982, 490.10555580948795, 152.01055951670946, 326.887281818356, 408.4964188011371, 443.47176323102616, 408.4964188011371, 420.15486694399004, 443.47176323102616, 411.66889603728947, 338.545729956434, 315.22883368129834, 303.57038554538883, 361.86262623522924, 280.2534891758829, 280.2534891758829, 302.81900494629247, 350.2041780954232, 326.887281818356, 338.545729956434, 338.545729956434, 303.57038554538883, 420.15486694399004, 361.86262623522924, 350.2041780954232, 303.57038554538883, 256.93659279280917, 291.91193721611114, 256.93659279280917, 319.670867626882, 152.01055951670946, 106.65813019467845, 291.91193721611114, 210.3028002454399, 361.86262623522924, 455.1302113751374, 478.4471076643942, 315.22883368129834, 420.15486694399004, 478.4471076643942, 338.545729956434, 280.2534891758829, 350.2041780954232, 280.2534891758829, 326.887281818356, 338.545729956434, 326.887281818356, 350.2041780954232, 315.22883368129834, 303.57038554538883, 245.27814465375766, 362.50479489916046, 443.47176323102616, 373.5210743757706, 466.78865951960256, 291.91193721611114, 385.1795225169758, 442.957660715855, 466.78865951960256, 443.47176323102616, 513.4224522070983, 431.8133150872992, 361.86262623522924, 548.3977966382796, 431.8133150872992, 385.1795225169758, 291.91193721611114, 326.887281818356, 291.91193721611114, 431.8133150872992, 408.4964188011371, 291.91193721611114, 303.57038554538883, 303.57038554538883

Noisy Scores:
Average: 240.47741583968482
Variance: 6816.551552340917
Scores: 71.90507799920286, 74.92069130469622, 135.62601585152765, 61.6326921783288, 134.23939774735837, 106.57651634593154, 105.68133541585321, 361.06130476432315, 126.80624895983762, 227.15914791532344, 336.30560224258267, 403.4847377865513, 300.19406388325694, 254.2729841448147, 345.6228962922402, 276.12953759424397, 270.9103349078497, 283.8474960372208, 242.1484137154789, 224.8558616384137, 135.71656349930757, 223.40436447447436, 170.99508559394238, 250.35292567659252, 275.07183967367916, 197.98887412853063, 226.54255945369104, 183.80419582859406, 328.6850845554853, 264.72270925997725, 278.0098844326384, 231.95767421110858, 236.2767979221716, 263.03601233615166, 192.39939747761355, 266.29319413074114, 43.64534045804619, 106.65813019467845, 142.13112481819093, 190.57712522250512, 285.68178633210505, 298.92560622120544, 430.0560634485751, 259.01943334335135, 406.785240928973, 351.305315655839, 233.54184512740048, 264.71131937612444, 216.5583851040816, 254.4712839068799, 207.69697190010262, 307.61306656226805, 294.77459117550234, 250.79875122988517, 201.6845793615053, 255.90553776010302, 117.96329039634864, 251.8247008464076, 319.0683705636766, 330.68238812387654, 298.3717371407022, 222.82220476775285, 270.56141284430157, 288.0507508658391, 325.2375355984015, 329.4941057126798, 242.5484232490125, 285.9531796630179, 94.43415633749764, 271.43991544411455, 218.6158576174202, 361.07832268580694, 216.62587037607526, 203.0789353432508, 194.6826126831672, 236.11478953335157, 378.8398902173555, 197.4756687834409, 287.91958648992744, 224.13054438429813

Recover Scores:
Average: 265.07377566218565
Variance: 7210.344397274655
Scores: 91.50499170432869, 132.81715500696995, 135.62601585152765, 126.85501193711661, 126.85501193711661, 130.28728656383436, 105.68133541585321, 422.3016732359979, 118.39786398130286, 294.771660782003, 343.7832691575878, 403.4847377865513, 324.9740027655368, 331.4514327940123, 371.94473349731146, 313.23918389111395, 282.96806585182566, 286.5485189085304, 248.14096712217358, 268.1954860873072, 143.1346100721936, 236.66683233752133, 249.51601472156563, 300.59378848503366, 291.3046045985219, 245.5869515779944, 231.93422049501757, 188.24474710513874, 402.71454427613713, 289.348353344644, 278.0098844326384, 262.8564807968138, 242.50614491247427, 256.25095111935354, 204.36869232598178, 306.5927495572945, 108.39718114152357, 106.65813019467845, 152.5023398855686, 192.30471981364104, 273.19708483377883, 351.07776690249904, 438.4380194021802, 255.8933357569421, 407.0643251514945, 375.636706246975, 251.18287283814468, 264.71131937612444, 237.96062476722133, 248.7820745817599, 239.06970519313765, 307.61306656226805, 284.20438930734633, 267.9157001931695, 285.39455711893777, 285.7561721689756, 161.71118162358545, 265.28060353765613, 363.2821661898971, 342.54205974203126, 360.08966662537875, 219.60714425533405, 311.2480511469913, 286.96244209655094, 426.2772441827938, 332.734762320423, 275.79486229110955, 332.49325669543737, 131.2876669732646, 344.2098367967722, 317.1051503441963, 349.32764413021044, 251.1986403606823, 212.6941632856669, 190.31598797596655, 303.78841898602826, 378.8398902173555, 176.12865873690436, 303.57038554538883, 246.19410304253842
